MB01 0 2053152487704539457 1
MB01 0 2053152327989854246 1
MB01 0 2053152327960547511 1
MB01 0 2053151092574167392 1
MB01 0 2053150794057199679 1
MB01 0 2053150355979145719 1
MB01 0 2053149839962394698 1
MB01 0 2053149355406749786 1
MB01 0 2053148102283149609 1
MB01 0 2053147543744532712 1
MB01 0 2053147307550347456 1
MB01 0 2053146583324135635 1
MB01 0 2053146508350939582 1
MB01 0 2053146396820197827 1
MB01 0 2053146189944512958 1
MB01 0 2053145984469737846 1
MB01 0 2053145423762624879 1
MB01 0 2053143945698214296 1
MB01 0 2053142672790188229 1
MB01 0 2053142625302327540 1
MB01 0 2053142446029041832 1
MB01 0 2053142114913927179 1
MB01 0 2053141683978522727 1
MB01 0 2053141337797468596 1
MB01 0 2053141032317891057 1
MB01 0 2053138726574760385 1
MB01 0 2053138496441782593 1
MB01 0 2053138452925812806 1
MB01 0 2053137403401965620 1
MB01 0 2053137329888362920 1
MB01 0 2053137305607549353 0
MB01 0 2053137242504208387 0
MB01 0 2053136517061902804 0
MB01 0 2053136338480968004 0
MB01 0 2053136061044228285 0
MB01 0 2053135958506127466 0
MB01 0 2053135923697836061 0
MB01 0 2053135771213717905 0
MB01 0 2053133694823497839 0
MB01 0 2053133156291645777 0
MB01 0 2053131703162392781 0
MB01 0 2053131570106532287 0
MB01 0 2053131559104897083 0
MB01 0 2053131467266658315 0
MB01 0 2053130817103188033 0
MB01 0 2053130606297395217 0
MB01 0 2053130301887422578 0
MB01 0 2053128885227696258 0
MB01 0 2053128700099461204 0
MB01 0 2053128696404312316 0
MB01 0 2053128577999069501 0
MB01 0 2053128493781672115 0
MB01 0 2053128409824330084 0
MB01 0 2053128174985183308 0
MB01 0 2053128095994134780 0
MB01 0 2053127995817402520 0
MB01 0 2053127898467536963 0
MB01 0 2053127830033293530 0
MB01 0 2053127686906929376 0
MB01 0 2053127322446995672 0
MB01 0 2053127085250449796 0
MB01 0 2053127019052011600 0
MB01 0 2053126844749349212 0
MB01 0 2053126709290151995 0
MB01 0 2053126562300711369 0
MB01 0 2053126496265609677 0
MB01 0 2053126412182470963 0
MB01 0 2053125123729998108 0
MB01 0 2053124942305108261 0
MB01 0 2053124811577311391 0
MB01 0 2053122653003690100 0
MB01 0 2053121261765611530 0
MB01 0 2053120888350945723 0
MB01 0 2053120808768409997 0
MB01 0 2053120693395410977 0
MB01 0 2053120473202839696 0
MB01 0 2053119919206912007 0
MB01 0 2053119430746394941 0
MB01 0 2053119274093314252 0
MB01 0 2053119209068970168 0
MB01 0 2053118870488039436 0
MB01 0 2053118841777975326 0
MB01 0 2053118561208397902 0
MB01 0 2053118155829170413 0
MB01 0 2053118143904547177 0
MB01 0 2053117010750718172 0
MB01 0 2053116279251227013 0
MB01 0 2053116181180043438 0
MB01 0 2053115585190637791 0
MB01 0 2053114951842038055 0
MB01 0 2053114751576953170 0
MB01 0 2053114739446677800 0
MB01 0 2053114542834782515 0
MB01 0 2053114484068147472 0
MB01 0 2053114153842204872 0
MB01 0 2053113927307812960 0
MB01 0 2053113699750318131 0
MB01 0 2053112908314296517 0
MB01 0 2053112643137794163 0
MB01 0 2053112179101179940 0
MB02 0 2053150129876562237 1
MB02 0 2053145794169974936 1
MB02 0 2053144902620307910 1
MB02 0 2053144846970298704 1
MB02 0 2053142328668553504 1
MB02 0 2053136025099149564 1
MB02 0 2053135244346400941 1
MB02 0 2053133700712255906 1
MB02 0 2053133228563915097 1
MB02 0 2053132543302549597 1
MB02 0 2053132346690601119 1
MB02 0 2053132026795200824 1
MB02 0 2053130503650484494 1
MB02 0 2053130004742263275 1
MB02 0 2053129455292608623 1
MB02 0 2053129013040697489 1
MB02 0 2053128753673322728 1
MB02 0 2053122155269726652 1
MB02 0 2053121642281492688 1
MB02 0 2053121624258298276 1
MB02 0 2053121216207278218 1
MB02 0 2053119806975390119 1
MB02 0 2053119595595046976 1
MB02 0 2053119377567060110 1
MB02 0 2053119019398447126 1
MB02 0 2053117041792397615 1
MB02 0 2053114591874261188 1
MB02 0 2053114015820222798 1
MB02 0 2053113832986321292 1
MB02 0 2053111871352316172 1
MB02 0 2053111829942129103 0
MB02 0 2053111774489313731 0
MB02 0 2053109497724359065 0
MB02 0 2053108833514594578 0
MB02 0 2053108563749261650 0
MB02 0 2053108055403868617 0
MB02 0 2053107395585585165 0
MB02 0 2053104786975666482 0
MB02 0 2053104729476173995 0
MB02 0 2053103271599133166 0
MB02 0 2053102907403145301 0
MB02 0 2053101516202889461 0
MB02 0 2053099987299381411 0
MB02 0 2053099963253457101 0
MB02 0 2053096399022240237 0
MB02 0 2053093032908718206 0
MB02 0 2053086773173985440 0
MB02 0 2053086368184651896 0
MB02 0 2053085029148824012 0
MB02 0 2053083346566029418 0
MB02 0 2053083061453996035 0
MB02 0 2053083043238224357 0
MB02 0 2053082162455249346 0
MB02 0 2053081482088878436 0
MB02 0 2053080196668956772 0
MB02 0 2053077807807205549 0
MB02 0 2053077348497474021 0
MB02 0 2053076093465223314 0
MB02 0 2053076019947745301 0
MB02 0 2053075142922608662 0
MB02 0 2053072200681628140 0
MB02 0 2053071192634921452 0
MB02 0 2053070489094881348 0
MB02 0 2053070222941126702 0
MB02 0 2053069433069826102 0
MB02 0 2053057832736714840 0
MB02 0 2053057453525188987 0
MB02 0 2053055053133451532 0
MB02 0 2053054643576648179 0
MB02 0 2053054179925459183 0
MB02 0 2053053429904289953 0
MB02 0 2053052056487756221 0
MB02 0 2053051622226374906 0
MB02 0 2053049651105059197 0
MB02 0 2053047723314827617 0
MB02 0 2053044534808867122 0
MB02 0 2053044512314819004 0
MB02 0 2053041634015601035 0
MB02 0 2053041633638465616 0
MB02 0 2053041502327087127 0
MB02 0 2053034786810105899 0
MB02 0 2053033335308357725 0
MB02 0 2053032863881142404 0
MB02 0 2053032337123033248 0
MB02 0 2053030879073562903 0
MB02 0 2053030472599458108 0
MB02 0 2053027792032284973 0
MB02 0 2053023858454647262 0
MB02 0 2053021734471713008 0
MB02 0 2053020380055646429 0
MB02 0 2053018921519984647 0
MB02 0 2053013030234108270 0
MB02 0 2053000027036082465 0
MB02 0 2052999422410121267 0
MB02 0 2052998092723466279 0
MB02 0 2052996713963491532 0
MB02 0 2052993774842765647 0
MB02 0 2052992899772780701 0
MB02 0 2052984779365384222 0
MB02 0 2052981728117919796 0
MB03 0 2053151417456591269 1
MB03 0 2053151336141602848 1
MB03 0 2053148029109104956 1
MB03 0 2053144960656892107 1
MB03 0 2053143734049812774 1
MB03 0 2053140623235170532 1
MB03 0 2053138869017530626 1
MB03 0 2053132611581870127 1
MB03 0 2053131373590761611 1
MB03 0 2053129952728420582 1
MB03 0 2053129951725957570 1
MB03 0 2053129769429184940 1
MB03 0 2053122086496030993 1
MB03 0 2053121034212241543 1
MB03 0 2053117787325817015 1
MB03 0 2053115699225153702 1
MB03 0 2053115471394685090 1
MB03 0 2053112564188622889 1
MB03 0 2053112402145857607 1
MB03 0 2053110930909594028 1
MB03 0 2053110489463554204 1
MB03 0 2053106633606127824 1
MB03 0 2053104420162813982 1
MB03 0 2053103397960581405 1
MB03 0 2053102946871816324 1
MB03 0 2053100990014894314 1
MB03 0 2053099134513791481 1
MB03 0 2053098425311506708 1
MB03 0 2053096533633962495 1
MB03 0 2053078266475692456 1
MB03 0 2053071770047946761 0
MB03 0 2053058378973270248 0
MB03 0 2053044360011293000 0
MB03 0 2053038100859789582 0
MB03 0 2053026293646520691 0
MB03 0 2053022751372529682 0
MB03 0 2053022220080099837 0
MB03 0 2053001807115247845 0
MB03 0 2052995742378164246 0
MB03 0 2052992821062160825 0
MB03 0 2052983093271605718 0
MB03 0 2052943591828529522 0
MB03 0 2052934589577138495 0
MB03 0 2052902946048778464 0
MB03 0 2052900720362287180 0
MB03 0 2052899863768014867 0
MB03 0 2052897083405816005 0
MB03 0 2052888819201175878 0
MB03 0 2052884044762005841 0
MB03 0 2052878476105875923 0
MB03 0 2052869289737126111 0
MB03 0 2052852456560939332 0
MB03 0 2052844018657313233 0
MB03 0 2052839026076389509 0
MB03 0 2052830014727770521 0
MB03 0 2052821159691886989 0
MB03 0 2052820209195425870 0
MB03 0 2052805755133182015 0
MB03 0 2052798252957696133 0
MB03 0 2052794725308997752 0
MB03 0 2052792029428551842 0
MB03 0 2052788992010072415 0
MB03 0 2052781207646089644 0
MB03 0 2052767522819105257 0
MB03 0 2052765051279548565 0
MB03 0 2052750987472118036 0
MB03 0 2052748194560229632 0
MB03 0 2052740999487647897 0
MB03 0 2052739824113549526 0
MB03 0 2052728262544244805 0
MB03 0 2052727980351221901 0
MB03 0 2052721573061443584 0
MB03 0 2052714718440091681 0
MB03 0 2052712296107917796 0
MB03 0 2052699238912737650 0
MB03 0 2052679662824775942 0
MB03 0 2052660820124057632 0
MB03 0 2052657159712764268 0
MB03 0 2052645478836179444 0
MB03 0 2052638508519510469 0
MB03 0 2052634211824115830 0
MB03 0 2052633444921032843 0
MB03 0 2052630780887576958 0
MB03 0 2052626042351960179 0
MB03 0 2052623637052850235 0
MB03 0 2052622787513057513 0
MB03 0 2052614271650169224 0
MB03 0 2052613967479193894 0
MB03 0 2052611516361244867 0
MB03 0 2052610732517204181 0
MB03 0 2052591599046258764 0
MB03 0 2052588227165667537 0
MB03 0 2052571889311097239 0
MB03 0 2052570623243669760 0
MB03 0 2052570550501876219 0
MB03 0 2052554696699826348 0
MB03 0 2052551274432745954 0
MB03 0 2052546459426517268 0
MB03 0 2052540355304694060 0
MB03 0 2052535077263769767 0
MB04 0 2053136027875676529 1
MB04 0 2052895300990148738 1
MB04 0 2052888967486288194 1
MB04 0 2052795306488570336 1
MB04 0 2052781500962410565 1
MB04 0 2052781173676335441 1
MB04 0 2052778600869347683 1
MB04 0 2052772763794874694 1
MB04 0 2052758204535173215 1
MB04 0 2052745622579445883 1
MB04 0 2052730827394429176 1
MB04 0 2052729823467045012 1
MB04 0 2052720353982525716 1
MB04 0 2052720072616276173 1
MB04 0 2052718554923888989 1
MB04 0 2052717107742445814 1
MB04 0 2052712638417662180 1
MB04 0 2052711966402060552 1
MB04 0 2052711700537995469 1
MB04 0 2052711698327335028 1
MB04 0 2052710155259646206 1
MB04 0 2052708842652213504 1
MB04 0 2052703290069078222 1
MB04 0 2052697489090998286 1
MB04 0 2052671324271607847 1
MB04 0 2052663361213444271 1
MB04 0 2052648116566761820 1
MB04 0 2052644919877984637 1
MB04 0 2052637018396807178 1
MB04 0 2052632590037741910 1
MB04 0 2052615858355392941 0
MB04 0 2052613706257932431 0
MB04 0 2052612160182706564 0
MB04 0 2052609961822409199 0
MB04 0 2052609008910180497 0
MB04 0 2052603834979999896 0
MB04 0 2052591874167153024 0
MB04 0 2052588014765781062 0
MB04 0 2052587305563468278 0
MB04 0 2052587173522919540 0
MB04 0 2052584332359844191 0
MB04 0 2052582021160177925 0
MB04 0 2052579620906520924 0
MB04 0 2052579334385270843 0
MB04 0 2052570648904347796 0
MB04 0 2052568548896120982 0
MB04 0 2052562873168335300 0
MB04 0 2052553340790423559 0
MB04 0 2052540852132872527 0
MB04 0 2052535320575717609 0
MB04 0 2052534888717537773 0
MB04 0 2052534447883575582 0
MB04 0 2052530686574092307 0
MB04 0 2052517117652541942 0
MB04 0 2052516083358466140 0
MB04 0 2052514890275762392 0
MB04 0 2052511290451448004 0
MB04 0 2052511151414497458 0
MB04 0 2052509772121866590 0
MB04 0 2052331235322794172 0
MB04 0 2052328749614739480 0
MB04 0 2052322218785354142 0
MB04 0 2052279977383801188 0
MB04 0 2052266087761559614 0
MB04 0 2052252576620671224 0
MB04 0 2052251341033218438 0
MB04 0 2052250217983156604 0
MB04 0 2052246183213748289 0
MB04 0 2052243139755413976 0
MB04 0 2052231745991254429 0
MB04 0 2052079164094853291 0
MB04 0 2052047156844835194 0
MB04 0 2051999565046575243 0
MB04 0 2051984290590695533 0
MB04 0 2051945553269764229 0
MB04 0 2051941684028539369 0
MB04 0 2051932746247782766 0
MB04 0 2051927645781393554 0
MB04 0 2051912185778209202 0
MB04 0 2051891787136991342 0
MB04 0 2051854399350436308 0
MB04 0 2051853931504910682 0
MB04 0 2051841295736287507 0
MB04 0 2051793257341067345 0
MB04 0 2051787531385974840 0
MB04 0 2051785433147994500 0
MB04 0 2051777636683194718 0
MB04 0 2051766098748408090 0
MB04 0 2051763301999157695 0
MB04 0 2051744750881886505 0
MB04 0 2051737112978850108 0
MB04 0 2051732467933966689 0
MB04 0 2051724691010908227 0
MB04 0 2051720405942182081 0
MB04 0 2051719578133344510 0
MB04 0 2051719132253741194 0
MB04 0 2051718823934316678 0
MB04 0 2051716473438060643 0
MB04 0 2051713781655310368 0
MB04 0 2051709415884013579 0
MB05 0 2053146724231762322 1
MB05 0 2053144696021475768 1
MB05 0 2053143608447107200 1
MB05 0 2053142990600741241 1
MB05 0 2053141632942309780 1
MB05 0 2053141096687899132 1
MB05 0 2053138269672816942 1
MB05 0 2053138110746186116 1
MB05 0 2053135522181034246 1
MB05 0 2053133462140260426 1
MB05 0 2053132817668743410 1
MB05 0 2053127636436816246 1
MB05 0 2053123894341677244 1
MB05 0 2053120124098396231 1
MB05 0 2053114533221159277 1
MB05 0 2053112225145946442 1
MB05 0 2053111997449838973 1
MB05 0 2053109282648772704 1
MB05 0 2053108556258287672 1
MB05 0 2053108210211426364 1
MB05 0 2053105609428603381 1
MB05 0 2053105208859996577 1
MB05 0 2053100192916754546 1
MB05 0 2053093912454328618 1
MB05 0 2053092621556314409 1
MB05 0 2053084037636391326 1
MB05 0 2053082894596235611 1
MB05 0 2053082639532531775 1
MB05 0 2053082555692486827 1
MB05 0 2053078468590731720 1
MB05 0 2053075081539014782 0
MB05 0 2053074004982825027 0
MB05 0 2053061105069465824 0
MB05 0 2053056876288356365 0
MB05 0 2053052037214924924 0
MB05 0 2053050839405621616 0
MB05 0 2053049952650006987 0
MB05 0 2053047082928464016 0
MB05 0 2053041161217229092 0
MB05 0 2053041024843358610 0
MB05 0 2053037722265096252 0
MB05 0 2053033429915115664 0
MB05 0 2053020334022873463 0
MB05 0 2053012670417453382 0
MB05 0 2053012367903207600 0
MB05 0 2052990043451789458 0
MB05 0 2052972431669936201 0
MB05 0 2052970097518452906 0
MB05 0 2052966281260011746 0
MB05 0 2052963569302380725 0
MB05 0 2052955676628918642 0
MB05 0 2052954435731788237 0
MB05 0 2052952538765508702 0
MB05 0 2052945450563756125 0
MB05 0 2052941449289781282 0
MB05 0 2052939837192261742 0
MB05 0 2052936363507626393 0
MB05 0 2052930661564948951 0
MB05 0 2052929581573665045 0
MB05 0 2052918370660675630 0
MB05 0 2052916825219084716 0
MB05 0 2052915438388977728 0
MB05 0 2052906342025953730 0
MB05 0 2052903651291943409 0
MB05 0 2052901157551407504 0
MB05 0 2052895066838962185 0
MB05 0 2052891584279056458 0
MB05 0 2052881501000483080 0
MB05 0 2052875116866863338 0
MB05 0 2052872424656416834 0
MB05 0 2052868437307720091 0
MB05 0 2052854114879475909 0
MB05 0 2052845562202853490 0
MB05 0 2052834134855139672 0
MB05 0 2052831133986152689 0
MB05 0 2052826171784765495 0
MB05 0 2052826064544481678 0
MB05 0 2052825977374285831 0
MB05 0 2052825598376955996 0
MB05 0 2052816990105116706 0
MB05 0 2052816055081267685 0
MB05 0 2052815851372589378 0
MB05 0 2052810980720005575 0
MB05 0 2052808405828648977 0
MB05 0 2052798840357478521 0
MB05 0 2052788519287050436 0
MB05 0 2052788081422422515 0
MB05 0 2052788058081116222 0
MB05 0 2052785611732369850 0
MB05 0 2052784367546593450 0
MB05 0 2052781340588638614 0
MB05 0 2052780631801667635 0
MB05 0 2052779464040333455 0
MB05 0 2052774968484843788 0
MB05 0 2052774097973879099 0
MB05 0 2052768792439067030 0
MB05 0 2052763301583769773 0
MB05 0 2052761261209964648 0
MB05 0 2052756673614234040 0
MB05 0 2052756155403788678 0
