MB01 0 2045461003153162682 1
MB01 0 2045460954851295376 1
MB01 0 2045460590563410352 1
MB01 0 2045459926248829101 1
MB01 0 2045459334033822188 1
MB01 0 2045458735938552031 1
MB01 0 2045458647002571216 1
MB01 0 2045458302679564574 1
MB01 0 2045458272467968490 1
MB01 0 2045458176238113223 1
MB01 0 2045458116297597360 1
MB01 0 2045457555879510327 1
MB01 0 2045456939425870029 1
MB01 0 2045456300973388140 1
MB01 0 2045456217884049805 1
MB01 0 2045455665775145116 1
MB01 0 2045455400498036953 1
MB01 0 2045455256671109437 1
MB01 0 2045454943113580804 1
MB01 0 2045453912824775135 1
MB01 0 2045453809359462654 1
MB01 0 2045453737020322224 1
MB01 0 2045453318831431934 1
MB01 0 2045453020553695609 1
MB01 0 2045452822078959835 1
MB01 0 2045452145101619611 1
MB01 0 2045451838250451429 1
MB01 0 2045451579898359837 1
MB01 0 2045451431981748380 1
MB01 0 2045451166889472483 1
MB01 0 2045450896989896907 0
MB01 0 2045450762353090823 0
MB01 0 2045449328555360431 0
MB01 0 2045449265250459917 0
MB01 0 2045449014515048596 0
MB01 0 2045448381237981636 0
MB01 0 2045447868765687984 0
MB01 0 2045447340564083079 0
MB01 0 2045447137094230451 0
MB01 0 2045446741722374617 0
MB01 0 2045446514768547964 0
MB01 0 2045446434401444234 0
MB01 0 2045446143811768783 0
MB01 0 2045445702428315950 0
MB01 0 2045444785696076112 0
MB01 0 2045444062484804010 0
MB01 0 2045443906599346534 0
MB01 0 2045443709186023530 0
MB01 0 2045443498799689849 0
MB01 0 2045443189352341878 0
MB01 0 2045442479378379255 0
MB01 0 2045442168660136002 0
MB01 0 2045441982303293577 0
MB01 0 2045441340368957757 0
MB01 0 2045440967722021024 0
MB01 0 2045440872167125043 0
MB01 0 2045440826201833965 0
MB01 0 2045440809600713215 0
MB01 0 2045440519208079838 0
MB01 0 2045440283559784730 0
MB01 0 2045439935516192946 0
MB01 0 2045439588836249854 0
MB01 0 2045439473979453510 0
MB01 0 2045439423026975015 0
MB01 0 2045438657621090684 0
MB01 0 2045438432747667600 0
MB01 0 2045438384320205216 0
MB01 0 2045437915170537759 0
MB01 0 2045437869737857173 0
MB01 0 2045437692511711397 0
MB01 0 2045436889264513141 0
MB01 0 2045436765134102980 0
MB01 0 2045436749246255493 0
MB01 0 2045436618476068920 0
MB01 0 2045436304238764390 0
MB01 0 2045436190002655400 0
MB01 0 2045436169584808399 0
MB01 0 2045436136114577913 0
MB01 0 2045436040098279442 0
MB01 0 2045435984976761027 0
MB01 0 2045435901283594623 0
MB01 0 2045435852072092103 0
MB01 0 2045435590418608222 0
MB01 0 2045435452400796018 0
MB01 0 2045435386265002102 0
MB01 0 2045434545978114178 0
MB01 0 2045434534456627390 0
MB01 0 2045434491615817848 0
MB01 0 2045434489325998564 0
MB01 0 2045434295410462920 0
MB01 0 2045434225814274125 0
MB01 0 2045434129290801442 0
MB01 0 2045434094696251699 0
MB01 0 2045433390967517552 0
MB01 0 2045433237086904829 0
MB01 0 2045433045063258122 0
MB01 0 2045432710177366207 0
MB01 0 2045432616703098970 0
MB01 0 2045432583836598399 0
MB01 0 2045432568154042718 0
MB02 0 2045460719932506578 1
MB02 0 2045458769492979802 1
MB02 0 2045457126177345798 1
MB02 0 2045455413861023835 1
MB02 0 2045453088207646927 1
MB02 0 2045450452209192963 1
MB02 0 2045447157319454752 1
MB02 0 2045442657254564083 1
MB02 0 2045440913422295205 1
MB02 0 2045440421497553020 1
MB02 0 2045435166806724804 1
MB02 0 2045434190447915519 1
MB02 0 2045427519814312418 1
MB02 0 2045426420436885970 1
MB02 0 2045424980746448922 1
MB02 0 2045423484126351672 1
MB02 0 2045421560421331344 1
MB02 0 2045419292254978138 1
MB02 0 2045416673159897276 1
MB02 0 2045410561995792602 1
MB02 0 2045409775245230439 1
MB02 0 2045404354253926693 1
MB02 0 2045400293710471508 1
MB02 0 2045399803203592596 1
MB02 0 2045399721959977051 1
MB02 0 2045399616376758278 1
MB02 0 2045399549531890158 1
MB02 0 2045399529609183420 1
MB02 0 2045399431688945699 1
MB02 0 2045399378849104068 1
MB02 0 2045399286964535695 0
MB02 0 2045398108817830004 0
MB02 0 2045396161410802030 0
MB02 0 2045393501299548572 0
MB02 0 2045393312979542087 0
MB02 0 2045392180802396314 0
MB02 0 2045389136673022308 0
MB02 0 2045386376896790953 0
MB02 0 2045383754118525075 0
MB02 0 2045382946119725138 0
MB02 0 2045381992821542978 0
MB02 0 2045381163196293142 0
MB02 0 2045381055708860714 0
MB02 0 2045380439179768034 0
MB02 0 2045379660976939335 0
MB02 0 2045379394219208886 0
MB02 0 2045379059228487850 0
MB02 0 2045377434011488749 0
MB02 0 2045373342442475887 0
MB02 0 2045372499706171753 0
MB02 0 2045372128606740626 0
MB02 0 2045371533225550188 0
MB02 0 2045364763312455785 0
MB02 0 2045362740739313873 0
MB02 0 2045361002636567001 0
MB02 0 2045360032850559102 0
MB02 0 2045358981343072490 0
MB02 0 2045358129156628534 0
MB02 0 2045357479949738057 0
MB02 0 2045357204518183081 0
MB02 0 2045351362477666815 0
MB02 0 2045348698826371570 0
MB02 0 2045348543255150822 0
MB02 0 2045345859999572140 0
MB02 0 2045345115867349323 0
MB02 0 2045341438888833399 0
MB02 0 2045337595228647793 0
MB02 0 2045336708816986490 0
MB02 0 2045332267162276135 0
MB02 0 2045329901629386889 0
MB02 0 2045328502388359350 0
MB02 0 2045326427734544736 0
MB02 0 2045326421111820314 0
MB02 0 2045325917611049104 0
MB02 0 2045322015419081178 0
MB02 0 2045321292937679212 0
MB02 0 2045318504618868886 0
MB02 0 2045318021556924429 0
MB02 0 2045315972463047147 0
MB02 0 2045315016732311670 0
MB02 0 2045313364365083065 0
MB02 0 2045311685703901510 0
MB02 0 2045310621353177590 0
MB02 0 2045310439958175883 0
MB02 0 2045309765803221403 0
MB02 0 2045308782809633116 0
MB02 0 2045306716091281769 0
MB02 0 2045306431272808803 0
MB02 0 2045306321793433782 0
MB02 0 2045305048268484832 0
MB02 0 2045298074671804579 0
MB02 0 2045297910871634089 0
MB02 0 2045297757234331771 0
MB02 0 2045297668034019582 0
MB02 0 2045297466426466554 0
MB02 0 2045297284687266289 0
MB02 0 2045297112997621986 0
MB02 0 2045296944323666106 0
MB02 0 2045296726551220349 0
MB02 0 2045295996088025484 0
MB03 0 2045461866365718542 1
MB03 0 2045461708303724675 1
MB03 0 2045461669443232128 1
MB03 0 2045461578875912680 1
MB03 0 2045461488979112332 1
MB03 0 2045461058244976964 1
MB03 0 2045461050846257503 1
MB03 0 2045460899629027460 1
MB03 0 2045460799011926287 1
MB03 0 2045460489745182991 1
MB03 0 2045460430038925635 1
MB03 0 2045460086248620414 1
MB03 0 2045460030061772928 1
MB03 0 2045459959824228366 1
MB03 0 2045459895059685806 1
MB03 0 2045459827825230190 1
MB03 0 2045459722313367626 1
MB03 0 2045459430100058130 1
MB03 0 2045459360155865394 1
MB03 0 2045459114734780772 1
MB03 0 2045459033885491314 1
MB03 0 2045459017246331340 1
MB03 0 2045458904465981573 1
MB03 0 2045458456987988280 1
MB03 0 2045457886319649011 1
MB03 0 2045457598804013385 1
MB03 0 2045457568517218638 1
MB03 0 2045457364476891453 1
MB03 0 2045457260441370823 1
MB03 0 2045456698228330845 1
MB03 0 2045456688300335486 0
MB03 0 2045456663184847359 0
MB03 0 2045456590510465363 0
MB03 0 2045456467227296122 0
MB03 0 2045456267628757013 0
MB03 0 2045456206559392095 0
MB03 0 2045456090964672761 0
MB03 0 2045456046735397157 0
MB03 0 2045455768057680067 0
MB03 0 2045455725711986694 0
MB03 0 2045455707097493818 0
MB03 0 2045455389311812084 0
MB03 0 2045455214837117361 0
MB03 0 2045455038752190844 0
MB03 0 2045454999518339562 0
MB03 0 2045454987942044139 0
MB03 0 2045454947257577803 0
MB03 0 2045454542460850480 0
MB03 0 2045454503130857677 0
MB03 0 2045454423372234808 0
MB03 0 2045453773682671952 0
MB03 0 2045453537442746673 0
MB03 0 2045452917289693519 0
MB03 0 2045452671298007229 0
MB03 0 2045452593074471395 0
MB03 0 2045452504251396102 0
MB03 0 2045452273635955129 0
MB03 0 2045452144942473471 0
MB03 0 2045452019557691481 0
MB03 0 2045451857233870892 0
MB03 0 2045451277102977242 0
MB03 0 2045451078838489184 0
MB03 0 2045450966045229551 0
MB03 0 2045450891243728972 0
MB03 0 2045450856443601064 0
MB03 0 2045450834394161187 0
MB03 0 2045450807936418186 0
MB03 0 2045450553623511155 0
MB03 0 2045450251713049084 0
MB03 0 2045450196805451785 0
MB03 0 2045450185514344567 0
MB03 0 2045450113749864651 0
MB03 0 2045449997190353286 0
MB03 0 2045449927372030404 0
MB03 0 2045449825953415622 0
MB03 0 2045449695489892499 0
MB03 0 2045449624748486932 0
MB03 0 2045449143758262386 0
MB03 0 2045448971137528275 0
MB03 0 2045448778463740343 0
MB03 0 2045448687556362269 0
MB03 0 2045448668153516103 0
MB03 0 2045448619180851696 0
MB03 0 2045448604580515929 0
MB03 0 2045448439035793778 0
MB03 0 2045448408605810883 0
MB03 0 2045448299478446532 0
MB03 0 2045447959731728608 0
MB03 0 2045447819608326344 0
MB03 0 2045447442255188390 0
MB03 0 2045447263284232653 0
MB03 0 2045447189468532967 0
MB03 0 2045447076343951468 0
MB03 0 2045446989341483442 0
MB03 0 2045446979543585187 0
MB03 0 2045446640903827539 0
MB03 0 2045446556262821919 0
MB03 0 2045446378646810789 0
MB03 0 2045446316956742037 0
MB03 0 2045446092720882085 0
MB04 0 2045394836304650479 1
MB04 0 2045227088437997935 1
MB04 0 2045218050937376923 1
MB04 0 2045201505586720930 1
MB04 0 2044685310668226788 1
MB04 0 2044674816972890502 1
MB04 0 2044436974035980766 1
MB04 0 2044427189308022874 1
MB04 0 2044397090311172569 1
MB04 0 2044362717947978174 1
MB04 0 2044202022493159707 1
MB04 0 2044037152716013858 1
MB04 0 2044023489363902501 1
MB04 0 2043999462201098472 1
MB04 0 2043934581552787948 1
MB04 0 2043932773380174155 1
MB04 0 2043887981031776405 1
MB04 0 2043841294741688481 1
MB04 0 2043803653706842119 1
MB04 0 2043802452630052943 1
MB04 0 2043598876813467803 1
MB04 0 2043597052685467715 1
MB04 0 2043427460956758426 1
MB04 0 2043362278481829915 1
MB04 0 2043347478355788094 1
MB04 0 2043272541414826137 1
MB04 0 2043268347660288381 1
MB04 0 2043264536111722752 1
MB04 0 2043225079988048080 1
MB04 0 2043064026322583845 1
MB04 0 2043046371327119444 0
MB04 0 2042985180021834078 0
MB04 0 2042982091424415768 0
MB04 0 2042965263859999161 0
MB04 0 2042959203170750627 0
MB04 0 2042910570622357536 0
MB04 0 2042893691443114441 0
MB04 0 2042731633426444514 0
MB04 0 2042715314702426508 0
MB04 0 2042694389118427559 0
MB04 0 2042648835114025250 0
MB04 0 2042635681487319082 0
MB04 0 2042606291000979818 0
MB04 0 2042570634153038129 0
MB04 0 2042563430364877034 0
MB04 0 2042554367539044512 0
MB04 0 2042491002603061392 0
MB04 0 2042460060803018914 0
MB04 0 2042425109818855543 0
MB04 0 2042419327593304209 0
MB04 0 2042346919125520667 0
MB04 0 2042341805195198493 0
MB04 0 2042338067923501163 0
MB04 0 2042328472295469429 0
MB04 0 2042327044961284153 0
MB04 0 2042325595481059424 0
MB04 0 2042325294573322615 0
MB04 0 2042320543643238490 0
MB04 0 2042305930151497763 0
MB04 0 2042302133610168738 0
MB04 0 2042287170631639140 0
MB04 0 2042262467594879299 0
MB04 0 2042254651806888064 0
MB04 0 2042233841981530496 0
MB04 0 2042227006532661671 0
MB04 0 2042226487181602967 0
MB04 0 2042216253528453465 0
MB04 0 2042199696395960591 0
MB04 0 2042199075500458221 0
MB04 0 2042130493404070005 0
MB04 0 2042119334873723208 0
MB04 0 2042101841027064171 0
MB04 0 2042096810529812660 0
MB04 0 2042090753170514277 0
MB04 0 2042051590077505847 0
MB04 0 2041997299459748175 0
MB04 0 2041994026849632667 0
MB04 0 2041991668920959318 0
MB04 0 2041991262396453375 0
MB04 0 2041973143313735695 0
MB04 0 2041961120723038433 0
MB04 0 2041956881044824180 0
MB04 0 2041911980219379874 0
MB04 0 2041910637744284140 0
MB04 0 2041908043961508077 0
MB04 0 2041905440301441174 0
MB04 0 2041903437932020199 0
MB04 0 2041902562710802596 0
MB04 0 2041901043013788031 0
MB04 0 2041901010487271524 0
MB04 0 2041900282158686288 0
MB04 0 2041900226194133128 0
MB04 0 2041896824181489799 0
MB04 0 2041896762047099351 0
MB04 0 2041887102116217327 0
MB04 0 2041884736352641401 0
MB04 0 2041883857956565233 0
MB04 0 2041875699376550259 0
MB04 0 2041875039671251314 0
MB04 0 2041874836591685976 0
MB05 0 2045462527568736598 1
MB05 0 2045462057173098572 1
MB05 0 2045460941240746469 1
MB05 0 2045460939474968746 1
MB05 0 2045460237138997688 1
MB05 0 2045459126311067980 1
MB05 0 2045457394973438218 1
MB05 0 2045453851889950937 1
MB05 0 2045452495863095477 1
MB05 0 2045451486570635579 1
MB05 0 2045451395625619495 1
MB05 0 2045451275244868029 1
MB05 0 2045450093407391938 1
MB05 0 2045449234804068693 1
MB05 0 2045447994179534911 1
MB05 0 2045446936527024532 1
MB05 0 2045446414579253519 1
MB05 0 2045446184953671969 1
MB05 0 2045444643601428617 1
MB05 0 2045444225110626383 1
MB05 0 2045440353180807457 1
MB05 0 2045439837021323534 1
MB05 0 2045437779526738109 1
MB05 0 2045437775592542541 1
MB05 0 2045436789557764567 1
MB05 0 2045436460107477398 1
MB05 0 2045436348715487290 1
MB05 0 2045435507203580332 1
MB05 0 2045435273732047300 1
MB05 0 2045433300920291662 1
MB05 0 2045432805434560942 0
MB05 0 2045432660567244887 0
MB05 0 2045428034405310817 0
MB05 0 2045427428261327334 0
MB05 0 2045427244479230231 0
MB05 0 2045427023632331126 0
MB05 0 2045426561290285330 0
MB05 0 2045424407573635553 0
MB05 0 2045423473380532720 0
MB05 0 2045423131897028843 0
MB05 0 2045422616203112619 0
MB05 0 2045422090874916962 0
MB05 0 2045421242166235469 0
MB05 0 2045418988746703185 0
MB05 0 2045418445286854958 0
MB05 0 2045416995433136438 0
MB05 0 2045416153862832433 0
MB05 0 2045415446145360180 0
MB05 0 2045406410104594882 0
MB05 0 2045406049868382666 0
MB05 0 2045405977751560313 0
MB05 0 2045405875834105981 0
MB05 0 2045405640600809490 0
MB05 0 2045405560237940938 0
MB05 0 2045404875396202597 0
MB05 0 2045404681820688467 0
MB05 0 2045404629916090450 0
MB05 0 2045404599540978132 0
MB05 0 2045404542305480827 0
MB05 0 2045404396461187548 0
MB05 0 2045404264323772801 0
MB05 0 2045402780056392040 0
MB05 0 2045401080562098659 0
MB05 0 2045400738021687376 0
MB05 0 2045399533887029655 0
MB05 0 2045397586312614097 0
MB05 0 2045392593744490652 0
MB05 0 2045392249698041875 0
MB05 0 2045391672947683699 0
MB05 0 2045390981793747013 0
MB05 0 2045389605222883575 0
MB05 0 2045379450016342242 0
MB05 0 2045370881032265777 0
MB05 0 2045370003445215277 0
MB05 0 2045366687168401511 0
MB05 0 2045352937270935731 0
MB05 0 2045352532621382105 0
MB05 0 2045352416497860882 0
MB05 0 2045352303075484138 0
MB05 0 2045352186188595592 0
MB05 0 2045352145197621741 0
MB05 0 2045352066176987394 0
MB05 0 2045352005325979828 0
MB05 0 2045351906252394919 0
MB05 0 2045351648193548631 0
MB05 0 2045351638311800973 0
MB05 0 2045351337479590271 0
MB05 0 2045345292116005137 0
MB05 0 2045338968556810498 0
MB05 0 2045338928459427887 0
MB05 0 2045333525080289376 0
MB05 0 2045327211297665509 0
MB05 0 2045323460390604964 0
MB05 0 2045323002313654724 0
MB05 0 2045321302094016860 0
MB05 0 2045320252104511645 0
MB05 0 2045314361032331745 0
MB05 0 2045311700803666228 0
MB05 0 2045310239486915006 0
MB05 0 2045307944019861951 0
